0	7.183988
1	11.453257
2	15.030325
3	9.498516
4	4.798998
5	27.656799
6	24.962818
7	25.970407
8	19.252811
9	19.765036
10	18.508932
11	18.347185
12	19.012197
13	19.109184
14	19.974216
15	20.000011
16	19.161259
17	18.751469
18	18.263470
19	20.152054
20	19.731968
21	20.627676
22	19.281155
23	18.237236
24	19.327181
25	19.066486
26	19.183470
27	19.088537
28	16.342554
29	20.794846
30	11.011735
31	12.746106
32	12.578501
33	11.059044
34	11.120157
35	12.401913
36	11.359503
37	13.078612
38	15.319575
39	12.316161
40	12.140216
41	12.982823
42	12.460289
43	13.619536
44	10.600352
45	10.289046
46	11.821420
47	12.599713
48	13.290092
49	13.240276
50	10.787309
51	12.071246
52	12.944364
53	11.989100
54	12.639330
55	10.425187
56	12.643018
57	11.787766
58	12.994710
59	12.767142
60	12.890407
61	12.944731
62	12.968861
63	12.870625
64	13.611666
65	11.307380
66	12.414290
67	13.116228
68	12.793430
69	16.476978
70	11.733823
71	12.369032
72	14.345495
73	13.695034
74	11.266564
75	12.744267
76	12.251873
77	13.161595
78	12.196596
79	14.599360
80	11.657919
81	12.919674
82	11.759615
83	10.955390
84	8.867935
85	7.705972
86	8.404813
87	4.969543
88	6.965950
89	12.910566
90	11.124951
91	7.793340
92	8.534037
93	13.188508
94	12.012834
95	4.684151
96	3.460138
97	5.482637
98	16.016018
99	7.978079
100	10.465293
101	11.160112
102	9.517550
103	12.559959
104	16.689480
105	5.391475
106	8.809243
107	3.401885
108	7.992525
109	7.313556
110	12.992625
111	16.148155
112	12.678582
113	8.587444
114	12.713874
115	9.317312
116	10.991327
117	14.226754
118	6.052943
119	7.175499
120	9.976144
121	7.954232
122	4.976475
123	13.446200
124	13.950706
125	14.421688
126	12.576698
127	12.432872
128	12.242805
129	13.554774
130	12.183653
131	12.279473
132	13.743340
133	12.653313
134	13.381755
135	12.565109
136	13.618919
137	12.651520
138	13.236582
139	13.300589
140	13.423656
141	13.546679
142	12.658467
143	12.154403
144	12.210941
145	13.014233
146	10.584413
147	12.024113
148	12.796350
149	13.668457
150	12.585688
151	12.484933
152	11.831892
153	14.623826
154	12.642213
155	12.279556
156	13.528605
157	11.777267
158	14.146477
159	14.234297
160	13.128676
161	13.432244
162	12.707875
163	13.819485
164	14.562812
165	20.285940
166	18.710939
167	20.106489
168	18.757925
169	19.359110
170	19.606993
171	17.597366
172	19.191887
173	18.387167
174	18.386274
175	20.158291
176	19.188242
177	18.012749
178	20.019531
179	18.140230
180	18.425968
181	18.222136
182	18.163698
183	19.561037
184	18.483730
185	19.968809
186	17.651522
187	19.155075
188	19.107279
189	21.001251
190	18.355444
191	19.202873
192	17.797226
193	19.939085
194	17.912542
195	18.914375
196	18.429193
197	16.657600
198	17.771341
199	17.442589
200	18.658554
201	19.211809
202	19.635546
203	17.478571
204	18.084911
205	18.922609
206	18.023960
207	19.090738
208	18.263273
209	18.057911
210	17.448690
211	19.951851
212	19.065121
213	19.242350
214	18.732054
215	18.477968
216	17.058582
217	14.922544
218	17.888521
219	19.421377
220	17.912407
221	23.289049
222	19.105553
223	19.116196
224	18.434504
225	17.594398
226	17.864206
227	19.657080
228	18.711617
229	19.098486
230	12.873462
231	12.849032
232	13.502614
233	11.932590
234	14.174562
235	11.792359
236	11.960496
237	10.437206
238	12.873283
239	12.467916
240	12.575153
241	14.027533
242	13.867927
243	12.427173
244	12.196491
245	12.694756
246	11.976528
247	12.212628
248	12.265666
249	12.143737
250	15.201797
251	11.377708
252	13.599039
253	11.771070
254	11.552430
255	14.188477
256	11.279441
257	12.680299
258	12.290402
259	13.691181
260	13.044774
261	11.944236
262	12.931194
263	13.122014
264	13.227195
265	11.266006
266	13.577948
267	10.395879
268	11.918063
269	11.607013
270	11.925159
271	12.937236
272	12.304552
273	12.875731
274	12.761663
275	12.572961
276	14.061113
277	11.754812
278	12.268120
279	12.951069
280	12.902259
281	12.750615
282	9.984501
283	12.544364
284	12.671950
285	12.938013
286	10.646193
287	12.093945
288	12.631061
289	11.929011
290	12.531773
291	14.778965
292	13.980342
293	12.960874
294	12.329651
295	12.779947
296	12.396168
297	12.330031
298	13.143681
299	18.983559
300	18.033503
301	19.063969
302	18.367071
303	16.134354
304	17.399429
305	18.329990
306	18.433643
307	19.729218
308	19.668760
309	20.408396
310	19.367733
311	19.768366
312	20.743286
313	17.163834
314	19.383101
315	18.571745
316	18.263941
317	17.743589
318	18.032215
319	18.379871
320	20.253788
321	18.892445
322	20.311409
323	18.629385
324	17.929903
325	18.388248
326	18.995506
327	19.297998
328	18.007113
329	19.870533
330	19.135149
331	19.883095
332	18.094193
333	17.169373
334	19.464346
335	18.518873
336	19.947384
337	18.672159
338	17.518217
339	18.803038
340	18.879883
341	20.449820
342	20.539333
343	19.113556
344	19.959324
345	17.335180
346	19.796255
347	18.073744
348	18.266327
349	17.838829
350	19.022108
351	18.985415
352	19.001072
353	20.834587
354	17.774925
355	20.375458
356	19.138584
357	18.570541
358	18.764666
359	18.108168
360	19.247046
361	16.161846
362	18.010715
363	19.313574
364	18.281698
365	18.520836
366	18.749460
367	18.606451
368	20.113674
369	20.557699
370	19.878351
371	18.658745
372	19.030134
373	17.942947
374	18.327564
375	19.803986
376	19.094246
377	18.222248
378	18.192759
379	19.123650
380	19.701893
381	19.989128
382	19.068661
383	18.590124
384	18.689850
385	18.458973
386	15.762546
387	10.931174
388	13.430557
389	12.863221
390	11.984695
391	12.361856
392	12.787837
393	9.184561
394	10.570868
395	13.345687
396	13.761132
397	5.982746
398	8.771391
399	12.197138
400	2.975597
401	7.808205
402	5.747695
403	8.130970
404	15.262107
405	8.742306
406	8.390369
407	13.447739
408	10.386001
409	5.500638
410	2.529836
411	6.440679
412	6.355782
413	8.665955
414	11.530467
415	6.576703
416	10.862051
417	3.254524
418	3.905365
419	6.848021
420	12.666738
421	6.874663
422	8.740502
423	11.558414
424	11.670697
425	9.006263
426	8.102147
427	8.788093
428	12.397148
429	8.396379
430	8.894254
431	11.333898
432	5.812622
433	8.655795
434	7.690813
435	5.800151
436	4.977059
437	7.262053
438	11.600382
439	7.971527
440	8.549431
441	5.517775
442	9.800345
443	17.842966
444	13.678145
445	7.833349
446	8.212366
447	4.305465
448	6.921713
449	12.517711
450	8.301038
451	7.989332
452	12.083798
453	8.885900
454	6.357807
455	19.142197
456	15.270894
457	11.935019
458	9.014071
459	5.130949
460	12.148693
461	6.694369
462	9.215484
463	4.018642
464	12.894096
465	9.772191
466	5.212254
467	13.283954
468	10.952598
469	13.130217
470	6.795591
471	10.005603
472	10.040582
473	9.487476
474	8.024934
475	12.561507
476	11.062716
477	10.929976
478	8.473017
479	9.690498
480	7.013375
481	6.145482
482	7.432047
483	12.562184
484	10.224317
485	11.272934
486	8.741864
487	5.013177
488	10.235206
489	5.339190
490	8.662220
491	10.110127
492	13.005285
493	10.561579
494	6.709902
495	5.216234
496	11.116032
497	6.255688
498	6.288504
499	6.450453
500	7.989412
501	8.724653
502	11.659167
503	6.999109
504	7.923134
505	7.010259
506	7.041936
507	8.317862
508	5.858412
509	7.163596
510	6.123914
511	11.564571
512	6.458468
513	7.014184
514	12.512067
515	4.814657
516	12.257211
517	9.323712
518	9.138758
519	6.814602
520	2.239247
521	5.354357
522	7.138125
523	7.177416
524	7.678843
525	7.839387
526	12.496367
527	15.503809
528	15.987836
529	8.568742
530	3.276965
531	5.087051
532	11.672305
533	11.645885
534	12.768381
535	9.471982
536	12.777293
537	10.120113
538	9.625094
539	13.161228
540	9.399342
541	14.032881
542	12.311577
543	12.500032
544	14.189753
545	15.241632
546	11.168672
547	9.588157
548	8.029023
549	11.024701
550	11.990219
551	8.275691
552	7.813381
553	9.600094
554	16.519239
555	10.429829
556	8.642358
557	12.828793
558	7.313930
559	4.326710
560	11.545733
561	13.395678
562	8.012910
563	2.563332
564	7.292926
565	7.683019
566	13.331290
567	10.137403
568	7.954597
569	13.424292
570	13.795766
571	12.233106
572	5.273808
573	7.980233
574	11.079330
575	3.723679
576	7.354176
577	12.172345
578	9.493253
579	4.744378
580	7.266552
581	10.392305
582	10.872122
583	7.569672
584	6.188865
585	10.484555
586	13.675994
587	9.727820
588	12.109235
589	12.777973
590	12.374934
591	11.827472
592	12.483386
593	11.946914
594	12.436150
595	12.784289
596	13.871603
597	13.357451
598	12.607682
599	12.517920
600	13.221139
601	13.681949
602	13.357489
603	14.696725
604	11.465153
605	12.084680
606	12.560974
607	13.476427
608	13.958693
609	11.610357
610	13.466310
611	12.837578
612	13.030357
613	13.446521
614	14.334474
615	10.511980
616	11.934248
617	11.879801
618	12.712756
619	12.795071
620	11.766376
621	14.194127
622	11.824846
623	14.503465
624	12.986269
625	13.202016
626	14.040046
627	14.703897
628	14.297994
629	13.465796
630	12.289146
631	13.834862
632	11.902320
633	12.999648
634	12.632377
635	12.517936
636	11.269166
637	11.994551
638	13.655064
639	13.045359
640	14.168891
641	12.327308
642	13.931939
643	14.647306
644	13.597221
645	13.996600
646	13.270047
647	12.957122
648	13.167546
649	10.868520
650	12.757960
651	13.252149
652	12.449803
653	13.544823
654	13.583489
655	13.258199
656	13.413259
657	12.005980
658	12.820839
659	12.024333
660	13.489812
661	11.955928
662	13.276953
663	13.014835
664	12.140942
665	11.619200
666	12.846047
667	12.215935
668	13.558343
669	11.941799
670	13.969850
671	13.206949
672	14.765409
673	13.849543
674	12.427624
675	11.543422
676	12.251513
677	10.932405
678	12.967349
679	13.787554
680	10.839545
681	12.223186
682	10.539886
683	12.602361
684	13.726012
685	13.799605
686	14.467111
687	13.831653
688	10.200834
689	13.634985
690	14.136201
691	12.197140
692	14.112347
693	14.613017
694	12.303345
695	12.437892
696	12.334234
697	12.454823
698	14.384191
699	11.806245
700	13.624187
701	11.368222
702	13.044756
703	14.390501
704	13.177372
705	14.157339
706	13.786258
707	13.259295
708	13.706392
709	10.024787
710	12.135175
711	13.091835
712	11.662188
713	12.497901
714	13.872967
715	13.415497
716	15.598011
717	14.560515
718	14.308607
719	13.728087
720	11.437848
721	13.263839
722	12.810386
723	12.564919
724	12.777803
725	12.693626
726	12.432084
727	12.068613
728	12.951299
729	12.218060
730	12.054712
731	12.805250
732	13.293877
733	12.296535
734	13.147493
735	12.933055
736	12.294063
737	11.944771
738	13.506523
739	12.000808
740	12.280169
741	13.603805
742	12.873950
743	12.585344
744	11.323725
745	12.135295
746	5.259075
747	8.696625
748	8.654306
749	6.505626
750	13.493241
751	10.258561
752	10.824765
753	9.956147
754	11.238467
755	8.747367
756	4.030729
757	9.193356
758	4.627910
759	7.974523
760	5.335192
761	7.253892
762	8.706716
763	8.073297
764	9.710102
765	6.832531
766	9.454257
767	4.034271
768	10.370983
769	7.758211
770	7.868466
771	6.872611
772	6.797368
773	14.486374
774	4.892560
775	9.450342
776	6.390048
777	3.127893
778	17.264215
779	11.097664
780	9.506359
781	13.153231
782	8.429591
783	9.775765
784	10.438904
785	14.412097
786	12.525719
787	11.508412
788	11.401260
789	9.368223
790	12.333528
791	6.106670
792	7.559418
793	11.476991
794	7.373549
795	1.383599
796	13.731641
797	12.497389
798	8.176903
799	7.866487
800	6.126332
801	14.833076
802	8.019146
803	6.755033
804	9.180593
805	7.490551
806	6.408663
807	6.790790
808	12.816272
809	7.138174
810	7.456634
811	4.880640
812	5.871068
813	5.053731
814	6.675035
815	14.625360
816	12.210493
817	9.583104
818	10.028226
819	9.111614
820	13.604163
821	7.790765
822	15.196163
823	12.124763
824	11.040704
825	14.885622
826	8.745420
827	4.954874
828	6.720533
829	7.813750
830	6.264216
831	11.514944
832	11.419317
833	7.643609
834	8.347980
835	8.665195
836	8.346292
837	5.135696
838	12.808632
839	11.532003
840	12.626025
841	11.206756
842	11.802426
843	11.893219
844	13.317951
845	13.640219
846	12.336070
847	13.327417
848	18.292274
849	11.053433
850	11.079526
851	12.635424
852	12.494847
853	11.419483
854	12.064076
855	12.032997
856	13.420691
857	13.800556
858	12.455036
859	12.250025
860	12.936792
861	12.992934
862	12.371802
863	13.381094
864	14.053457
865	12.334476
866	11.431645
867	13.049259
868	12.432047
869	12.317403
870	13.307394
871	12.415345
872	10.669036
873	13.809402
874	12.213007
875	11.406774
876	14.160657
877	12.623838
878	12.624103
879	13.286029
880	13.417946
881	12.594272
882	12.234356
883	13.214437
884	11.758629
885	11.636766
886	12.760801
887	14.241576
888	12.012449
889	13.533041
890	12.942321
891	12.956702
892	12.438338
893	11.979414
894	11.965687
895	10.371025
896	13.020658
897	13.373649
898	13.927443
899	11.403046
900	13.049350
901	12.181164
902	12.030766
903	13.232761
904	10.855088
905	13.802059
906	13.330415
907	11.408494
908	11.689275
909	13.541404
910	12.528901
911	11.516230
912	12.884222
913	13.495223
914	11.668033
915	13.339416
916	12.319209
917	13.249809
918	13.268194
919	11.145725
920	11.358990
921	12.834011
922	12.604955
923	13.585238
924	12.858435
925	12.121588
926	12.949657
927	12.186380
928	11.571053
929	12.549522
930	11.771873
931	13.478984
932	11.284015
933	11.111691
934	12.152499
935	12.237623
936	14.230180
937	13.269627
938	12.825373
939	10.896952
940	13.066033
941	12.075039
942	14.003276
943	13.592444
944	11.714261
945	12.504266
946	12.067637
947	14.179130
948	13.429761
949	14.365293
950	12.197770
951	11.608510
952	12.219771
953	13.076805
954	12.491547
955	12.926446
956	13.167439
957	13.643092
958	12.764616
959	12.273482
960	12.282143
961	11.717800
962	13.883484
963	11.078422
964	11.116036
965	12.133007
966	15.698326
967	16.004511
968	16.006891
969	18.593376
970	13.804840
971	12.605936
972	12.239437
973	12.838301
974	12.264381
975	11.978471
976	10.965765
977	11.460412
978	13.448841
979	15.142702
980	13.827656
981	12.110269
982	11.349201
983	12.135721
984	13.885605
985	12.754438
986	13.534966
987	12.382952
988	12.224339
989	12.698180
990	14.125178
991	11.656823
992	15.280193
993	13.121394
994	13.315720
995	12.083056
996	11.974821
997	13.240431
998	12.712379
999	12.442545
